4.6353906 00 00 28.802490 4.4860840 31.117187 20.335937 5.4600000 01 168.96996
6.8069531 00 00 42.700195 21.832275 26.324219 22.445312 7.7800000 -1 168.96996
12.181602 00 00 42.596436 21.429443 40.050781 19.742187 13.140000 -1 168.96996
18.651367 00 00 28.454590 4.9255371 23.234375 22.664062 19.620000 -1 168.96996
23.339883 00 00 28.521729 4.7790527 21.855469 22.503906 23.940000 01 168.96996
26.135625 00 00 28.576660 4.8156738 22.585937 22.613281 26.660000 01 168.96996
31.381680 00 00 28.271484 4.8706055 22.191406 22.566406 32.020000 01 168.96996
35.575469 00 00 28.814697 4.8767090 23.691406 22.769531 36.100000 01 168.96996
40.327461 00 00 28.594971 4.8706055 23.445312 22.722656 40.820000 01 168.96996
43.883203 00 00 28.045654 4.9072266 22.906250 22.398437 44.420000 01 168.96996
47.997812 00 00 28.265381 4.8095703 23.574219 22.859375 48.580000 01 168.96996
53.143164 00 00 28.436279 5.0537109 43.281250 21.417969 53.700000 01 168.96996
58.374687 00 00 28.527832 4.8217773 44.292969 10.566406 59.140000 01 168.96996
64.405430 00 00 28.637695 5.0292969 25.183594 22.792969 64.980000 01 168.96996
66.179492 00 00 45.288086 18.170166 42.582031 21.312500 67.380000 -1 168.96996
68.216406 00 00 28.424072 4.9194336 24.007812 23.105469 68.820000 01 168.96996
71.349727 00 00 28.533936 5.0109863 25.820312 22.824219 71.780000 01 168.96996
74.089180 00 00 27.856445 5.1330566 41.859375 17.777344 74.740000 01 168.96996
76.498047 00 00 28.527832 4.8522949 26.062500 22.707031 77.060000 01 168.96996
81.933398 00 00 28.625488 5.0109863 26.566406 23.097656 82.420000 01 168.96996
86.188281 00 00 28.527832 4.8278809 26.093750 23.480469 86.740000 01 168.96996
91.755078 00 00 28.674316 5.0415039 42.445312 21.367187 92.340000 01 168.96996
96.382617 00 00 28.240967 5.2001953 43.945312 10.785156 96.980000 01 168.96996
100.74379 00 00 28.710937 5.1513672 42.910156 21.460937 101.46000 01 168.96996
106.63324 00 00 28.649902 4.9438477 25.179687 23.066406 107.06000 01 168.96996
111.25410 00 16 27.520752 6.9396973 25.449219 22.906250 111.86000 01 168.96996
112.93227 00 00 29.010010 4.8278809 44.765625 10.808594 113.62000 01 168.96996
116.09113 00 00 28.222656 5.1574707 42.714844 21.464844 116.58000 01 168.96996
120.12926 00 00 28.326416 5.3588867 44.730469 21.363281 120.82000 01 168.96996
125.72824 00 00 45.782471 14.739990 44.468750 13.515625 126.58000 01 168.96996
127.95926 00 00 28.448486 5.1696777 24.785156 22.468750 128.58000 01 168.96996
129.90047 00 00 28.356934 5.4138184 45.210937 14.031250 130.50000 01 168.96996
132.96930 00 00 28.533936 5.3039551 42.515625 21.191406 133.70000 01 168.96996
136.02879 00 00 28.277588 5.1818848 26.613281 22.648437 136.58000 01 168.96996
139.13453 00 00 28.460693 5.3100586 26.421875 22.679687 139.70000 01 168.96996
145.51559 00 00 28.649902 5.1940918 44.031250 13.648437 146.18000 01 168.96996
151.17305 00 00 28.393555 5.4748535 45.441406 8.9257812 151.78000 01 168.96996
156.95594 00 00 28.466797 5.4687500 24.179687 22.296875 157.62000 01 168.96996
159.54758 00 00 28.271484 5.5541992 41.921875 21.617187 160.26000 01 168.96996
164.07609 00 00 28.216553 5.3955078 42.476562 15.726562 165.14000 -1 168.96996
