4.6294922 00 00 28.424072 5.0109863 44.429687 13.515625 5.1400000 01 178.16996
9.2451562 00 00 43.096924 22.729492 42.902344 21.535156 10.100000 01 178.16996
11.984102 00 00 28.698730 5.0415039 36.546875 19.449219 12.580000 01 178.16996
16.964258 00 00 28.637695 5.1696777 45.617187 10.921875 17.700000 01 178.16996
19.740156 00 00 28.411865 5.1757812 30.386719 18.660156 20.340000 01 178.16996
21.873125 00 00 28.991699 5.1025391 41.945312 17.203125 22.580000 01 178.16996
23.884492 16 16 28.686523 15.136719 34.601562 18.875000 24.500000 01 178.16996
28.210547 00 16 28.704834 5.7922363 43.433594 13.679687 28.820000 01 178.16996
32.278398 00 00 28.314209 5.1696777 42.132812 20.246094 32.820000 01 178.16996
34.557500 00 00 28.668213 5.2124023 45.339844 11.062500 35.220000 01 178.16996
37.820781 00 00 28.503418 5.0903320 42.960937 21.558594 38.740000 01 178.16996
40.016562 00 00 28.363037 5.1513672 45.902344 10.593750 40.580000 01 178.16996
42.675664 00 00 28.668213 5.3588867 33.945312 17.957031 43.860000 -1 178.16996
44.628398 00 00 44.738770 18.853760 43.113281 21.847656 45.860000 -1 178.16996
47.389062 00 00 28.643799 5.1330566 37.101562 18.843750 47.860000 01 178.16996
51.621953 00 00 28.540039 5.1208496 37.683594 18.664062 52.020000 01 178.16996
53.673555 00 00 28.643799 5.1391602 45.683594 11.031250 54.340000 01 178.16996
59.874531 00 00 28.839111 5.6274414 46.054687 13.648437 60.580000 01 178.16996
61.922812 00 00 28.729248 5.2551270 37.679687 18.488281 62.580000 01 178.16996
65.307695 00 00 28.759766 5.1452637 39.761719 19.378906 65.940000 01 178.16996
71.142852 00 00 28.277588 5.4199219 43.105469 21.789062 71.700000 01 178.16996
75.925742 00 00 28.552246 5.3527832 37.679687 18.960937 76.500000 01 178.16996
81.266875 00 16 42.303467 21.636963 42.660156 21.839844 81.940000 01 178.16996
85.411719 00 00 41.986084 22.369385 42.746094 21.265625 85.940000 01 178.16996
90.115273 00 00 28.222656 5.1696777 43.027344 21.492187 90.660000 01 178.16996
95.209492 00 00 28.527832 5.2001953 42.675781 21.699219 95.780000 01 178.16996
100.24562 00 16 41.613770 21.417236 43.828125 21.886719 100.82000 01 178.16996
105.69645 00 00 28.625488 5.3894043 39.453125 18.246094 106.18000 01 178.16996
108.34055 00 00 28.283691 5.0964355 41.742187 12.343750 108.98000 01 178.16996
110.96676 00 00 28.308105 5.6457520 30.160156 18.121094 111.54000 01 178.16996
114.68918 00 00 28.588867 5.0659180 31.414062 18.234375 115.22000 01 178.16996
118.01773 00 00 28.167725 5.0842285 43.121094 17.574219 118.58000 01 178.16996
121.01578 00 00 28.564453 5.2490234 31.527344 18.531250 121.54000 01 178.16996
127.04004 00 00 28.643799 5.0903320 43.246094 21.789062 127.54000 01 178.16996
131.88406 00 00 28.613281 5.3527832 38.050781 18.675781 132.34000 01 178.16996
138.04008 00 00 28.778076 5.1635742 42.710937 21.277344 138.58000 01 178.16996
139.67500 00 00 44.549561 15.087891 44.167969 13.542969 140.82000 -1 178.16996
144.62523 00 00 28.979492 5.4565430 44.328125 17.011719 145.22000 01 178.16996
147.23492 00 00 28.430176 6.1218262 36.574219 18.882812 147.78000 01 178.16996
149.33852 00 00 44.531250 14.953613 44.195312 13.933594 150.50000 01 178.16996
155.45445 00 00 28.662109 5.8288574 34.976562 19.761719 155.94000 01 178.16996
157.83445 00 00 44.476318 11.871338 43.878906 11.253906 158.58000 01 178.16996
160.83816 00 00 28.637695 5.7739258 32.214844 17.777344 161.38000 01 178.16996
162.73426 00 00 28.967285 5.7312012 42.835937 19.761719 163.14000 01 178.16996
168.73883 00 00 28.253174 6.3598633 42.808594 21.691406 169.22000 01 178.16996
172.35402 00 00 28.448486 5.5847168 29.753906 17.500000 172.90000 01 178.16996
175.17414 00 00 28.448486 5.6762695 45.878906 13.863281 175.78000 01 178.16996
178.11238 00 00 28.289795 5.7922363 28.964844 17.335937 178.16996 -1 178.16996
