2.1693750 00 00 43.688965 17.907715 36.558594 17.113281 3.1400000 -1 180.38996
8.3230859 00 00 29.010010 5.3955078 39.242187 17.652344 9.3800000 -1 180.38996
13.328633 00 00 28.472900 5.3955078 28.808594 22.437500 13.780000 01 180.38996
16.145117 00 00 28.283691 5.4565430 44.433594 16.722656 16.980000 01 180.38996
20.369453 00 00 28.643799 5.3833008 43.878906 12.597656 21.140000 01 180.38996
23.910977 00 00 29.003906 5.3588867 42.566406 21.347656 25.060000 01 180.38996
26.200625 00 00 29.199219 5.3894043 26.500000 23.250000 27.220000 -1 180.38996
32.397930 00 00 28.900146 5.5480957 27.042969 21.832031 33.060000 01 180.38996
34.563437 00 00 29.302979 5.2673340 42.230469 17.023437 35.380000 01 180.38996
36.551445 00 00 29.144287 5.4443359 27.257812 22.902344 37.620000 -1 180.38996
38.594219 00 00 45.672607 15.393066 42.062500 21.195312 39.780000 -1 180.38996
43.280078 00 00 28.564453 6.8725586 42.484375 16.527344 43.860000 01 180.38996
44.998984 00 00 28.887939 5.5541992 28.242187 21.535156 46.020000 -1 180.38996
49.401211 00 00 29.223633 6.0668945 44.429687 11.816406 50.420000 -1 180.38996
54.001055 00 00 29.376221 6.5979004 42.218750 21.453125 55.380000 -1 180.38996
59.328633 00 00 29.138184 5.4138184 43.777344 14.285156 59.940000 01 180.38996
65.006641 00 00 28.704834 5.6335449 41.375000 19.175781 65.460000 01 180.38996
67.285273 00 00 29.614258 6.3842773 44.859375 10.902344 68.260000 -1 180.38996
69.033711 00 00 29.559326 6.0974121 27.605469 22.367187 70.100000 -1 180.38996
73.008203 00 00 29.248047 5.2978516 27.828125 22.437500 73.460000 01 180.38996
78.278477 00 00 28.991699 4.9926758 37.027344 17.195312 78.420000 02 180.38996
84.235781 00 00 29.321289 7.3730469 27.675781 22.304687 84.660000 01 180.38996
87.402500 00 00 29.345703 7.7880859 43.496094 11.222656 92.100000 01 180.38996
97.735625 00 00 29.150391 7.5012207 26.949219 21.832031 98.180000 01 180.38996
103.20234 00 00 29.187012 6.6467285 26.187500 22.238281 103.62000 01 180.38996
106.42383 00 16 29.278564 7.2021484 26.386719 22.468750 107.38000 -1 180.38996
109.23477 00 16 44.665527 9.9670410 41.738281 19.339844 110.10000 01 180.38996
114.81641 00 00 29.064941 6.7565918 27.203125 22.574219 115.30000 01 180.38996
119.30633 00 00 28.924561 6.6406250 26.046875 22.476562 119.78000 01 180.38996
122.07918 00 00 29.150391 6.9396973 43.628906 14.312500 122.58000 01 180.38996
128.56832 00 00 29.083252 5.5236816 26.863281 22.292969 128.90000 01 180.38996
131.00879 00 00 28.802490 5.4260254 40.207031 13.000000 131.94000 01 180.38996
135.15379 00 00 28.802490 5.4016113 28.664062 19.437500 135.70000 01 180.38996
141.07551 00 16 28.631592 5.3466797 30.269531 18.398437 141.70000 01 180.38996
147.51449 00 00 28.759766 5.0903320 27.015625 22.121094 147.86000 01 180.38996
153.39008 00 00 28.948975 5.1269531 27.132812 22.558594 153.94000 01 180.38996
159.52812 00 00 29.156494 6.5490723 44.781250 14.128906 160.18000 01 180.38996
165.06195 00 00 28.912354 6.0852051 26.257812 22.292969 165.46000 01 180.38996
171.25074 00 00 28.869629 6.4270020 42.187500 21.527344 171.62000 01 180.38996
174.35250 00 00 28.948975 6.1523437 24.414062 21.218750 175.30000 01 180.38996
180.14477 00 00 29.071045 5.8227539 24.101562 22.226562 180.38996 -1 180.38996
