4.9387500 00 16 40.734863 13.195801 45.464844 13.613281 5.6200000 01 218.02996
11.215742 00 00 28.405762 5.4260254 28.398437 16.328125 11.940000 01 218.02996
13.603750 00 00 42.510986 21.337891 42.851562 21.222656 14.580000 -1 218.02996
15.533789 00 16 33.160400 6.4392090 27.433594 19.640625 16.580000 01 218.02996
20.042266 00 00 42.877197 21.343994 35.328125 8.3750000 21.060000 -1 218.02996
25.774375 00 00 28.710937 4.4494629 42.007812 16.921875 26.180000 01 218.02996
32.001406 00 00 42.413330 20.678711 42.808594 20.472656 32.980000 -1 218.02996
33.659180 00 00 27.624512 5.0903320 41.980469 14.046875 34.740000 -1 218.02996
37.366562 00 00 28.784180 4.6875000 36.843750 18.347656 38.420000 01 218.02996
39.902266 00 00 42.108154 20.385742 43.039062 21.894531 40.900000 -1 218.02996
44.367461 00 00 41.906738 21.136475 43.761719 20.511719 45.380000 -1 218.02996
45.978477 00 16 44.512939 13.824463 43.375000 14.882812 47.220000 -1 218.02996
52.403086 00 00 28.582764 5.6274414 44.609375 10.820312 53.380000 -1 218.02996
57.695430 00 00 44.262695 10.101318 43.824219 11.566406 58.900000 -1 218.02996
62.063945 00 00 28.588867 5.7617187 39.789062 19.429687 62.580000 01 218.02996
65.356250 00 00 28.564453 5.5908203 40.429687 18.519531 66.020000 01 218.02996
69.848164 00 00 28.363037 6.8115234 41.011719 15.843750 70.260000 01 218.02996
76.292344 00 00 28.808594 6.2561035 40.066406 19.679687 76.740000 01 218.02996
81.060234 16 00 29.162598 7.0068359 34.320312 16.335937 81.620000 01 218.02996
85.265195 00 00 41.668701 19.903564 42.714844 20.753906 86.260000 -1 218.02996
90.140625 00 00 28.491211 5.6030273 39.621094 19.207031 90.740000 01 218.02996
93.179414 00 16 29.547119 7.1533203 44.613281 16.757812 94.020000 01 218.02996
96.897148 00 16 38.354492 17.987061 43.093750 20.929687 97.620000 01 218.02996
101.32594 00 00 28.344727 5.4504395 39.871094 18.949219 101.78000 01 218.02996
103.21320 00 00 44.665527 10.791016 44.082031 10.988281 104.18000 -1 218.02996
105.51555 00 00 28.704834 6.0852051 39.855469 19.507812 106.18000 01 218.02996
108.54578 00 00 28.552246 5.8410645 39.757812 18.371094 109.14000 01 218.02996
111.92648 00 16 29.064941 6.5795898 42.613281 19.480469 112.34000 01 218.02996
116.91500 00 00 28.948975 5.8837891 41.937500 19.972656 117.30000 01 218.02996
119.05730 00 16 40.417480 12.188721 44.902344 13.457031 119.94000 01 218.02996
124.19398 00 00 42.041016 20.086670 43.277344 20.714844 125.22000 -1 218.02996
127.85395 00 00 29.040527 5.2734375 40.367187 18.507812 128.42000 01 218.02996
131.54465 00 00 29.162598 6.0363770 45.453125 10.804687 132.02000 01 218.02996
135.84215 00 00 28.820801 5.5541992 43.351562 21.347656 136.34000 01 218.02996
140.65844 00 00 28.912354 6.4819336 40.820312 18.960937 141.14000 01 218.02996
142.37969 00 00 43.853760 20.623779 43.449219 21.722656 143.38000 -1 218.02996
148.24961 00 00 28.723145 5.7128906 38.457031 19.000000 148.82000 01 218.02996
154.18082 00 00 28.680420 5.4748535 40.035156 19.152344 154.58000 01 218.02996
157.73809 00 00 28.704834 5.0048828 36.871094 15.605469 158.82000 -1 218.02996
159.39535 00 00 28.875732 5.0903320 36.800781 15.617187 160.42000 -1 218.02996
161.58793 00 16 41.900635 19.586182 39.914062 18.039062 162.58000 -1 218.02996
163.42676 00 00 42.309570 20.080566 42.886719 21.750000 164.66000 -1 218.02996
168.90953 00 16 28.625488 5.5297852 42.878906 21.332031 169.38000 01 218.02996
172.16242 00 00 29.058838 6.0180664 38.179687 17.519531 172.82000 01 218.02996
177.47230 00 00 28.881836 6.0607910 38.753906 18.531250 178.02000 01 218.02996
183.90109 00 00 29.028320 6.2622070 43.597656 19.339844 184.42000 01 218.02996
189.55090 00 00 29.010010 5.8349609 42.757812 19.425781 189.94000 01 218.02996
193.69238 00 00 29.138184 5.4443359 40.015625 19.113281 194.34000 01 218.02996
197.27051 00 00 28.564453 6.9396973 39.226562 18.582031 197.54000 01 218.02996
201.11102 00 16 30.841064 6.5856934 42.640625 18.152344 202.26000 -1 218.02996
202.88270 16 00 28.906250 5.5664062 39.417969 18.265625 203.70000 01 218.02996
206.11906 00 00 43.408203 15.289307 44.671875 16.808594 207.06000 01 218.02996
210.01055 00 16 29.022217 5.6152344 41.742187 19.140625 210.98000 -1 218.02996
214.54871 00 00 29.101562 5.8044434 39.875000 19.195312 215.14000 01 218.02996
