5.9069922 00 00 29.254150 5.0720215 23.187500 22.304687 6.5000000 01 136.82996
8.1496875 00 00 29.193115 5.1574707 43.695312 17.375000 8.9800000 01 136.82996
14.108477 00 00 28.765869 5.0903320 41.769531 12.847656 14.420000 01 136.82996
16.018789 00 00 28.643799 4.9499512 23.597656 22.843750 16.500000 01 136.82996
19.633672 00 00 29.058838 5.0964355 24.410156 23.257812 19.940000 01 136.82996
25.025039 00 00 28.680420 5.0170898 22.437500 23.320312 25.380000 01 136.82996
27.378164 00 00 28.607178 4.9072266 44.425781 11.996094 27.860000 01 136.82996
32.212812 00 00 28.900146 5.4260254 43.078125 11.562500 32.660000 01 136.82996
38.007422 00 00 28.924561 5.0231934 23.531250 23.125000 38.420000 01 136.82996
43.615312 00 00 28.436279 5.1208496 24.421875 23.164062 44.020000 01 136.82996
48.763633 00 00 29.168701 5.0598145 27.640625 20.636719 49.460000 01 136.82996
54.062500 00 00 28.833008 5.2429199 44.179687 16.937500 54.740000 01 136.82996
58.662187 00 00 44.409180 15.344238 44.425781 17.218750 59.380000 01 136.82996
63.924258 00 00 28.540039 5.2368164 45.511719 11.515625 64.420000 01 136.82996
66.973242 00 00 29.119873 5.0048828 41.234375 20.714844 67.460000 01 136.82996
71.591094 00 00 28.845215 5.0292969 42.910156 21.644531 72.020000 01 136.82996
73.314844 16 00 25.885010 15.374756 25.109375 22.656250 74.020000 01 136.82996
78.490078 00 00 28.985596 5.0537109 25.921875 22.687500 78.820000 01 136.82996
82.093242 00 00 28.985596 5.1452637 41.742187 13.136719 82.500000 01 136.82996
87.080430 00 00 29.132080 5.0231934 27.667969 22.765625 87.540000 01 136.82996
91.968711 00 00 28.686523 4.8828125 26.996094 22.671875 92.340000 01 136.82996
93.922812 00 00 28.643799 4.9438477 43.164062 15.769531 94.420000 01 136.82996
97.966758 00 00 28.906250 5.0292969 42.859375 21.160156 98.340000 01 136.82996
103.69168 00 00 28.778076 5.0842285 45.335937 11.046875 104.34000 01 136.82996
109.85406 00 00 28.692627 5.4016113 24.871094 22.945312 110.58000 01 136.82996
113.42602 00 00 28.912354 5.2429199 25.835937 23.250000 113.86000 01 136.82996
117.13207 00 00 29.113770 5.2917480 28.226562 22.085937 117.54000 01 136.82996
122.10270 00 00 28.503418 4.9377441 27.535156 22.742187 122.50000 01 136.82996
124.77133 00 00 28.430176 5.0048828 42.292969 21.675781 125.14000 01 136.82996
131.11531 00 00 28.857422 5.1208496 27.273437 23.011719 131.46000 01 136.82996
134.93227 00 00 28.900146 5.0109863 28.195312 22.906250 135.22000 01 136.82996
