3.1514453 00 00 28.955078 4.7546387 42.277344 20.828125 3.6200000 01 208.18996
8.1937500 00 00 29.321289 5.0354004 30.078125 19.519531 8.5800000 01 208.18996
13.778242 00 16 45.404053 17.803955 45.398437 17.027344 14.980000 -1 208.18996
16.508672 00 00 29.248047 4.9743652 33.652344 18.812500 17.140000 01 208.18996
20.542930 00 00 33.624268 5.9753418 43.332031 10.652344 21.060000 01 208.18996
26.954687 00 00 29.528809 5.1208496 43.546875 21.218750 27.300000 01 208.18996
32.442305 00 00 29.589844 5.5664062 33.691406 18.273437 32.820000 01 208.18996
36.269766 00 00 29.541016 5.2612305 42.683594 21.765625 36.660000 01 208.18996
37.908008 00 00 29.187012 5.7006836 42.929687 14.066406 38.260000 01 208.18996
41.932422 00 00 29.589844 5.6579590 42.707031 20.394531 42.420000 01 208.18996
44.488633 00 00 29.254150 5.2429199 36.019531 18.269531 44.980000 01 208.18996
48.910273 00 00 29.333496 5.2307129 43.777344 10.894531 49.220000 01 208.18996
54.587773 00 00 29.534912 5.4077148 42.031250 20.570312 54.900000 01 208.18996
57.507266 00 00 45.312500 17.749023 45.097656 16.988281 58.180000 01 208.18996
63.501953 00 00 42.163086 22.137451 38.058594 17.160156 64.260000 01 208.18996
69.373750 00 00 29.528809 5.5847168 37.414062 17.707031 69.700000 01 208.18996
71.181836 00 00 29.132080 5.0781250 42.785156 17.671875 72.180000 -1 208.18996
76.729883 00 00 29.199219 5.1330566 40.406250 20.101562 77.060000 01 208.18996
80.961445 00 00 29.504395 5.3527832 36.550781 17.152344 81.300000 01 208.18996
85.110781 00 00 29.565430 5.7983398 45.472656 17.285156 85.700000 01 208.18996
89.610742 00 00 29.760742 5.2307129 43.105469 21.839844 89.940000 01 208.18996
95.614961 00 16 42.175293 22.454834 42.609375 21.457031 96.100000 01 208.18996
98.876523 00 00 29.284668 5.2185059 37.269531 17.292969 99.220000 01 208.18996
105.13230 00 16 29.693604 5.1330566 36.269531 18.160156 105.54000 01 208.18996
109.91133 00 00 29.711914 5.2001953 42.996094 21.859375 110.18000 01 208.18996
112.08473 00 00 29.205322 4.9987793 38.632812 17.214844 112.42000 01 208.18996
117.89352 00 00 29.418945 5.1086426 38.730469 17.367187 118.26000 01 208.18996
122.28223 00 00 29.760742 5.4382324 42.902344 11.476562 122.66000 01 208.18996
125.12258 00 00 29.248047 5.4199219 36.363281 15.878906 125.54000 01 208.18996
127.10457 00 00 29.675293 5.4138184 38.546875 19.171875 127.62000 01 208.18996
130.26277 00 00 29.382324 5.4748535 44.566406 10.636719 130.58000 01 208.18996
135.04531 00 00 29.034424 5.0903320 39.285156 18.609375 135.38000 01 208.18996
139.44887 00 00 29.241943 5.2001953 37.335937 16.281250 139.94000 01 208.18996
142.76074 00 00 29.504395 4.9194336 43.050781 16.421875 143.22000 01 208.18996
148.73840 00 00 29.614258 5.1391602 41.960937 21.253906 149.14000 01 208.18996
151.45277 00 00 29.144287 5.0781250 44.445312 17.175781 151.86000 01 208.18996
153.88559 00 00 29.528809 5.0415039 38.363281 16.707031 154.34000 01 208.18996
160.31473 00 00 29.547119 5.1818848 36.070312 16.382812 160.74000 01 208.18996
165.05805 00 00 29.571533 5.3527832 42.890625 21.816406 165.46000 01 208.18996
167.07477 00 00 29.608154 5.3771973 37.136719 15.269531 167.46000 01 208.18996
171.26137 00 00 29.425049 4.9011230 42.847656 20.953125 171.70000 01 208.18996
175.95875 00 00 29.681396 5.2856445 36.003906 16.085937 176.26000 01 208.18996
180.91871 00 00 29.547119 5.1330566 37.582031 15.933594 181.30000 01 208.18996
183.80949 00 00 29.632568 5.2001953 41.242187 12.679687 184.10000 01 208.18996
188.42887 00 00 42.749023 21.582031 42.066406 20.699219 189.46000 -1 208.18996
194.88887 00 00 29.370117 4.5104980 41.468750 21.128906 195.22000 01 208.18996
199.21527 00 00 29.272461 5.0537109 35.808594 17.296875 199.54000 01 208.18996
205.10992 00 00 29.608154 4.7424316 41.679687 14.828125 205.46000 01 208.18996
