2.7433594 00 00 29.504395 5.5480957 41.281250 21.281250 3.3000000 01 159.09996
6.7518750 00 00 29.852295 5.6457520 29.222656 18.726562 7.2200000 01 159.09996
10.438555 00 00 28.833008 5.3222656 30.042969 18.828125 10.820000 01 159.09996
14.804375 00 00 28.955078 5.4565430 29.101562 18.785156 15.300000 01 159.09996
19.881094 00 00 29.144287 5.3894043 29.628906 19.214844 20.420000 01 159.09996
22.416289 00 00 28.894043 5.3344727 43.984375 14.570312 22.980000 01 159.09996
25.366680 00 00 28.936768 5.3039551 31.007812 18.472656 25.940000 01 159.09996
29.300586 00 00 28.802490 5.3222656 28.785156 18.582031 29.700000 01 159.09996
33.088281 00 00 28.948975 5.4382324 27.906250 19.367187 33.540000 01 159.09996
38.724727 00 00 29.010010 5.2734375 42.773437 21.441406 39.380000 01 159.09996
41.049766 00 00 28.802490 5.4992676 30.390625 19.480469 41.460000 01 159.09996
46.834336 00 00 29.498291 4.9377441 41.253906 20.406250 47.380000 01 159.09996
51.142187 00 00 29.089355 5.4382324 32.347656 18.792969 51.620000 01 159.09996
52.844414 00 00 29.412842 5.4138184 44.218750 17.730469 53.860000 -1 159.09996
54.361719 00 00 29.089355 5.5053711 29.406250 19.273437 55.380000 -1 159.09996
59.699141 00 00 29.162598 5.3161621 44.667969 14.101562 60.660000 01 159.09996
64.481211 00 00 28.491211 5.0537109 42.429687 14.726562 65.460000 -1 159.09996
65.991836 00 00 28.900146 5.0659180 30.089844 19.070312 67.060000 -1 159.09996
69.809102 00 00 28.887939 5.1513672 29.906250 19.179687 70.340000 01 159.09996
71.381211 00 00 28.961182 4.9865723 40.500000 21.050781 72.580000 -1 159.09996
73.432656 00 00 28.680420 4.9316406 29.554687 19.347656 74.500000 -1 159.09996
77.637812 00 00 29.113770 5.2001953 38.675781 18.988281 78.260000 01 159.09996
82.129414 00 00 28.753662 4.9377441 33.648437 17.367187 83.140000 -1 159.09996
84.616328 00 00 29.382324 5.1635742 29.015625 17.792969 85.220000 01 159.09996
90.746992 00 00 28.668213 4.8400879 30.019531 19.625000 91.220000 01 159.09996
92.708398 00 00 29.174805 5.0170898 39.183594 16.949219 93.380000 01 159.09996
98.666172 00 00 28.735352 4.8461914 28.437500 19.589844 99.220000 01 159.09996
100.73586 00 16 28.924561 4.8889160 44.011719 11.160156 101.46000 01 159.09996
106.09684 00 00 28.845215 5.1147461 37.472656 15.324219 106.58000 01 159.09996
107.64238 00 00 28.662109 4.8278809 28.234375 19.667969 108.34000 01 159.09996
111.35777 00 00 28.833008 5.0476074 28.070312 19.933594 111.86000 01 159.09996
116.03328 00 00 28.527832 4.7973633 27.933594 19.726562 116.50000 01 159.09996
120.52184 00 00 28.759766 4.9804687 28.945312 19.871094 121.14000 01 159.09996
122.94145 00 00 28.924561 4.9499512 44.457031 11.082031 123.38000 01 159.09996
126.82590 00 00 28.594971 4.8034668 37.144531 19.839844 127.30000 01 159.09996
131.36527 00 00 28.759766 5.0415039 26.972656 19.882812 131.78000 01 159.09996
136.55152 00 00 28.662109 4.7790527 35.269531 18.019531 136.98000 01 159.09996
140.69437 00 00 28.662109 4.8034668 29.820312 19.382812 141.30000 01 159.09996
142.62406 00 00 29.101562 4.9804687 32.402344 14.882812 143.14000 01 159.09996
146.12266 00 00 29.217529 4.8889160 42.285156 21.355469 146.66000 01 159.09996
151.73418 00 00 28.948975 4.9194336 28.664062 18.515625 152.10000 01 159.09996
155.20477 00 00 29.022217 4.9560547 44.765625 14.386719 155.78000 01 159.09996
