2.5597656 00 00 28.875732 4.7668457 43.738281 17.914062 3.0600000 01 189.51996
4.7139844 00 16 35.339355 8.8134766 44.156250 13.359375 5.4600000 01 189.51996
8.7014844 00 00 29.052734 4.6813965 43.355469 19.390625 9.3000000 01 189.51996
13.496250 00 00 28.735352 4.8461914 38.457031 17.539062 14.020000 01 189.51996
17.863750 00 00 28.790283 4.7302246 36.152344 15.539062 18.420000 01 189.51996
22.332617 00 00 28.625488 4.7729492 43.554687 17.593750 22.820000 01 189.51996
28.273711 00 16 36.944580 12.023926 43.484375 21.332031 29.060000 01 189.51996
31.175859 00 00 28.851318 4.6630859 35.824219 16.222656 31.620000 01 189.51996
33.027187 00 00 28.778076 4.6997070 36.488281 16.945312 33.540000 01 189.51996
36.783867 00 00 28.735352 4.8645020 38.476562 13.933594 37.300000 01 189.51996
42.357148 00 00 28.857422 4.6997070 45.765625 10.933594 42.820000 01 189.51996
44.322578 00 00 28.826904 4.9804687 36.246094 16.523437 45.220000 01 189.51996
48.618086 00 00 29.052734 4.6813965 34.351562 16.863281 48.980000 01 189.51996
52.431562 00 00 29.071045 4.8400879 38.019531 18.042969 52.900000 01 189.51996
57.380117 00 00 28.460693 4.7912598 37.277344 17.507812 57.940000 01 189.51996
62.302500 00 00 28.436279 4.6447754 35.789062 16.140625 62.900000 01 189.51996
64.387031 00 00 28.417969 4.4982910 43.078125 21.824219 64.900000 01 189.51996
66.822656 00 00 28.570557 4.5715332 36.007812 15.902344 67.380000 01 189.51996
69.344453 00 00 28.564453 4.6142578 42.777344 19.226562 69.860000 01 189.51996
71.496289 00 00 28.833008 4.5654297 37.234375 17.121094 72.020000 01 189.51996
74.432031 00 00 28.918457 4.6752930 43.000000 21.785156 74.900000 01 189.51996
78.503555 00 00 28.570557 4.6203613 38.757812 17.914062 78.980000 01 189.51996
82.837969 00 00 28.656006 4.7424316 35.742187 16.199219 83.540000 01 189.51996
86.024727 00 00 29.577637 4.4677734 43.085937 21.726562 86.500000 01 189.51996
91.958125 00 00 40.399170 19.915771 42.722656 21.828125 92.980000 -1 189.51996
97.151914 00 00 28.509521 4.6813965 35.605469 17.953125 97.780000 01 189.51996
99.331328 00 00 43.402100 10.644531 42.996094 14.640625 100.10000 01 189.51996
104.05641 00 16 42.034912 19.763184 42.949219 20.066406 104.82000 01 189.51996
108.16203 00 00 28.997803 4.7851562 43.187500 15.910156 108.74000 01 189.51996
109.81344 00 00 29.125977 4.7058105 35.039062 15.921875 110.42000 01 189.51996
114.13133 00 00 29.058838 4.7180176 38.847656 14.031250 114.66000 01 189.51996
116.94844 00 00 28.308105 4.6691895 43.187500 19.359375 117.54000 01 189.51996
121.03750 00 00 28.607178 4.8583984 35.625000 16.734375 121.78000 01 189.51996
125.74941 00 00 28.491211 4.6386719 36.703125 16.890625 126.34000 01 189.51996
132.08500 00 00 28.503418 4.6203613 43.503906 20.175781 132.58000 01 189.51996
137.40859 00 00 28.436279 4.5654297 43.519531 20.667969 137.94000 01 189.51996
141.93711 00 00 28.308105 4.6813965 38.027344 16.855469 142.90000 01 189.51996
146.23844 00 00 28.308105 4.6875000 38.570312 18.042969 146.90000 01 189.51996
148.43156 00 00 43.603516 10.565186 42.949219 15.035156 149.70000 01 189.51996
154.03621 00 00 28.521729 4.7363281 41.578125 17.710937 154.74000 01 189.51996
157.70754 00 00 28.643799 4.9072266 38.390625 17.386719 158.18000 01 189.51996
160.65512 00 00 28.302002 4.6325684 39.328125 13.328125 161.14000 01 189.51996
166.77391 00 00 28.460693 4.7729492 44.812500 11.109375 167.22000 01 189.51996
168.67605 00 00 28.765869 4.7912598 37.269531 16.839844 169.70000 -1 189.51996
174.35090 00 00 28.967285 4.9987793 32.851562 16.859375 175.22000 01 189.51996
176.16965 00 00 28.527832 4.8156738 32.902344 16.875000 176.82000 01 189.51996
182.60234 00 00 28.649902 4.6813965 36.628906 17.058594 183.30000 01 189.51996
186.54090 00 00 28.887939 4.4677734 36.722656 16.601562 186.98000 01 189.51996
