4.1955469 00 00 29.101562 5.5969238 30.218750 18.109375 4.6600000 01 157.71996
7.0413672 00 00 40.777588 19.512939 41.664062 21.078125 8.2600000 -1 157.71996
10.895430 00 00 40.716553 20.935059 38.281250 19.859375 11.700000 01 157.71996
14.018359 00 00 29.071045 5.3161621 24.804687 18.910156 14.580000 01 157.71996
15.761328 00 00 28.991699 5.0476074 46.046875 17.308594 16.340000 01 157.71996
19.250078 00 00 28.649902 5.3100586 44.339844 16.917969 19.780000 01 157.71996
21.615234 00 00 29.235840 5.2856445 26.601562 20.023437 22.020000 01 157.71996
24.891680 00 00 28.717041 5.4138184 27.574219 19.902344 25.220000 01 157.71996
30.818711 00 00 28.912354 5.3222656 27.417969 20.031250 31.380000 01 157.71996
35.092852 00 00 28.845215 5.1452637 39.628906 19.964844 35.620000 01 157.71996
38.491562 00 00 29.107666 5.3161621 27.210937 19.972656 38.820000 01 157.71996
43.883945 00 00 28.918457 5.2734375 44.328125 13.960937 44.420000 01 157.71996
46.389570 00 00 29.174805 5.2734375 26.546875 19.515625 46.820000 01 157.71996
50.183633 00 00 28.887939 5.3894043 28.316406 19.750000 50.740000 01 157.71996
52.165117 00 00 28.784180 5.1147461 29.316406 18.539062 52.660000 01 157.71996
54.313633 00 00 29.101562 5.3955078 28.683594 19.792969 54.820000 01 157.71996
58.975586 00 00 28.619385 5.0109863 40.925781 19.179687 59.700000 01 157.71996
60.895781 00 00 29.168701 5.3466797 28.722656 19.218750 61.460000 01 157.71996
66.435781 00 00 28.564453 5.3894043 28.109375 19.789062 66.900000 01 157.71996
72.021289 00 00 28.942871 5.0842285 42.000000 21.328125 72.500000 01 157.71996
77.940625 00 00 29.364014 5.3771973 28.695312 18.914062 78.420000 01 157.71996
83.656211 00 00 29.229736 5.3588867 29.828125 19.632812 84.260000 01 157.71996
89.368633 00 00 28.704834 5.2429199 44.136719 16.902344 90.260000 01 157.71996
92.891992 00 00 28.741455 4.9011230 41.089844 21.070312 93.300000 01 157.71996
97.823203 00 00 29.199219 4.9011230 39.898437 16.023437 98.260000 01 157.71996
102.07156 00 00 28.912354 5.3649902 31.191406 19.175781 102.42000 01 157.71996
105.06809 00 00 29.418945 4.5288086 44.558594 13.796875 105.54000 01 157.71996
109.87270 00 00 28.894043 5.5969238 30.148437 19.097656 110.18000 01 157.71996
116.23754 00 00 28.436279 5.6579590 42.523437 21.886719 117.38000 -1 157.71996
121.63023 00 00 28.741455 5.6396484 30.800781 19.238281 121.94000 01 157.71996
124.05605 00 00 30.029297 6.0119629 44.871094 13.839844 124.74000 01 157.71996
127.32984 00 00 42.462158 15.985107 43.082031 17.320312 128.18000 01 157.71996
132.63652 00 00 28.704834 5.4016113 30.906250 19.500000 133.14000 01 157.71996
138.92672 00 00 30.059814 5.8227539 45.539062 13.753906 139.54000 01 157.71996
145.07070 00 00 28.570557 5.6396484 30.632812 19.371094 145.38000 01 157.71996
147.52605 00 00 29.040527 5.3588867 34.613281 15.714844 147.94000 01 157.71996
152.67258 00 00 28.765869 5.5969238 31.867187 19.519531 153.46000 01 157.71996
