5.2692969 00 00 43.054199 13.464355 44.027344 13.898437 6.3400000 01 158.35996
10.200195 00 00 29.077148 6.9091797 45.839844 17.339844 10.980000 01 158.35996
12.596758 00 00 28.991699 5.8044434 32.804687 17.593750 13.220000 01 158.35996
17.219102 00 00 28.820801 5.6884766 32.886719 17.761719 17.620000 01 158.35996
23.137500 00 00 28.826904 5.5297852 33.351562 18.570312 23.540000 01 158.35996
26.890000 00 00 28.692627 5.6762695 31.363281 17.910156 27.380000 01 158.35996
29.125625 00 00 28.118896 4.6447754 42.910156 21.636719 29.860000 01 158.35996
33.675352 00 00 28.668213 5.7373047 40.867187 20.964844 34.100000 01 158.35996
35.747695 00 00 28.753662 5.7739258 34.269531 16.593750 36.260000 01 158.35996
40.414336 00 00 28.845215 5.2856445 34.785156 17.750000 40.740000 01 158.35996
45.398906 00 16 29.052734 6.0241699 35.519531 15.042969 45.860000 01 158.35996
47.000508 00 00 28.747559 5.8471680 32.691406 17.546875 47.540000 01 158.35996
50.459531 00 00 29.345703 5.6579590 42.609375 14.410156 51.780000 -1 158.35996
56.689062 00 00 28.692627 5.7067871 32.984375 17.191406 57.220000 01 158.35996
59.903711 00 00 29.144287 5.7373047 39.828125 15.894531 60.260000 01 158.35996
63.324648 00 00 29.101562 5.4382324 43.007812 21.953125 63.780000 01 158.35996
67.865195 00 00 29.919434 7.1289062 42.542969 21.710937 68.900000 -1 158.35996
70.953711 00 00 29.217529 5.6762695 32.437500 17.699219 71.540000 01 158.35996
76.452344 00 00 28.710937 5.4199219 32.859375 18.281250 76.900000 01 158.35996
78.014766 00 16 41.473389 16.381836 46.023437 16.925781 78.660000 01 158.35996
81.602695 00 00 28.765869 5.5969238 42.605469 21.164062 82.820000 -1 158.35996
83.682578 00 00 28.820801 5.7067871 33.128906 17.703125 84.180000 01 158.35996
86.265859 00 16 31.768799 8.4960937 42.949219 21.796875 86.980000 01 158.35996
87.782148 00 00 29.064941 6.0607910 35.910156 14.253906 88.420000 01 158.35996
93.350898 00 00 29.016113 5.7434082 33.343750 16.617187 93.780000 01 158.35996
98.068008 00 00 29.101562 5.4321289 33.906250 17.652344 98.580000 01 158.35996
104.51352 00 00 28.643799 5.4565430 32.519531 17.906250 105.06000 01 158.35996
110.29156 00 00 41.918945 20.416260 42.589844 20.363281 111.30000 -1 158.35996
116.73191 00 00 28.942871 5.8349609 31.687500 17.851562 117.06000 01 158.35996
119.39617 00 00 28.961182 5.2856445 42.867187 21.046875 119.94000 01 158.35996
124.96730 00 00 28.686523 5.7739258 32.652344 18.648437 125.54000 01 158.35996
131.32078 00 00 41.790771 20.935059 42.406250 20.941406 132.34000 -1 158.35996
136.10199 00 00 41.650391 19.506836 42.898437 21.628906 137.30000 -1 158.35996
139.72687 00 00 28.765869 5.6335449 34.101562 18.683594 140.34000 01 158.35996
145.14516 00 00 28.820801 5.7067871 34.058594 17.871094 145.62000 01 158.35996
148.27746 00 00 28.814697 5.7739258 34.050781 18.175781 148.74000 01 158.35996
153.49949 00 00 28.887939 5.6274414 36.378906 17.976562 153.94000 01 158.35996
156.74805 00 00 28.955078 5.8532715 35.402344 17.980469 157.30000 01 158.35996
