5.6695703 00 00 44.738770 14.355469 45.675781 14.011719 6.3400000 01 199.39996
11.217500 00 16 33.508301 8.2214355 43.085937 19.160156 12.100000 01 199.39996
17.483750 00 00 28.814697 6.3293457 45.617187 10.722656 18.100000 01 199.39996
20.221719 00 00 28.253174 7.2814941 30.718750 16.902344 20.740000 01 199.39996
22.926250 00 00 28.424072 5.8776855 45.691406 17.355469 23.620000 01 199.39996
25.340312 00 00 28.625488 5.8898926 29.000000 17.246094 25.780000 01 199.39996
29.603945 00 00 28.820801 5.9020996 30.796875 16.636719 30.100000 01 199.39996
34.617812 00 00 29.071045 5.9265137 41.847656 19.632812 35.140000 01 199.39996
36.553359 00 00 43.444824 11.181641 43.207031 11.058594 37.540000 -1 199.39996
40.682656 00 00 29.016113 5.9204102 40.664062 19.968750 41.140000 01 199.39996
42.551406 00 00 44.268799 11.633301 43.824219 10.695312 43.620000 -1 199.39996
48.200352 00 16 39.306641 21.319580 42.808594 20.964844 48.660000 01 199.39996
51.868320 00 00 28.912354 5.6091309 30.855469 17.550781 52.340000 01 199.39996
54.356055 00 00 43.701172 15.130615 44.062500 14.371094 55.620000 -1 199.39996
58.004180 00 00 28.906250 5.9875488 36.167969 17.835937 58.580000 01 199.39996
62.684336 00 00 29.028320 6.0852051 31.152344 17.324219 63.060000 01 199.39996
65.359141 00 00 28.900146 5.9875488 38.640625 15.343750 65.780000 01 199.39996
69.162227 00 00 28.906250 5.7617187 43.218750 20.160156 69.620000 01 199.39996
73.916758 00 00 29.498291 6.0241699 31.324219 17.593750 74.500000 01 199.39996
77.074258 00 16 31.915283 6.9458008 43.996094 15.484375 78.100000 -1 199.39996
82.105195 00 00 28.698730 5.8166504 42.792969 20.738281 82.580000 01 199.39996
88.504141 00 00 28.973389 5.7128906 42.367187 15.152344 88.900000 01 199.39996
92.335937 00 00 29.443359 6.1828613 32.949219 17.203125 92.820000 01 199.39996
98.602070 00 00 29.235840 6.1584473 31.667969 17.140625 98.980000 01 199.39996
103.66375 00 00 28.625488 5.9570312 32.660156 17.429687 104.02000 01 199.39996
108.90766 00 16 40.832520 22.088623 43.363281 21.527344 109.94000 -1 199.39996
110.44762 00 00 41.198730 21.716309 42.910156 21.363281 111.46000 -1 199.39996
114.28633 00 00 28.570557 5.5786133 33.070312 18.410156 114.66000 01 199.39996
118.70059 00 16 42.327881 9.6008301 42.296875 12.613281 119.38000 01 199.39996
124.28172 00 00 28.900146 6.0241699 43.480469 21.746094 125.30000 -1 199.39996
126.33602 00 16 44.268799 10.174561 42.414062 16.230469 127.46000 -1 199.39996
127.89961 00 00 28.649902 5.5236816 31.691406 18.011719 128.34000 01 199.39996
129.50992 00 00 39.892578 20.568848 34.003906 17.488281 130.58000 -1 199.39996
131.15883 00 00 28.845215 5.5664062 45.554687 16.933594 132.34000 01 199.39996
133.60031 00 00 28.240967 5.5603027 31.078125 17.378906 134.50000 01 199.39996
138.82770 00 00 28.692627 5.9692383 31.804687 17.527344 139.22000 01 199.39996
143.15523 00 00 28.704834 6.0913086 30.160156 17.527344 143.46000 01 199.39996
146.95215 00 16 28.430176 5.6396484 42.968750 21.027344 147.38000 01 199.39996
151.57219 00 00 28.826904 6.1279297 41.046875 19.824219 152.26000 01 199.39996
157.28781 00 00 29.168701 6.2133789 38.273437 19.261719 157.78000 01 199.39996
160.23687 00 00 28.936768 6.1828613 32.324219 18.039062 160.66000 01 199.39996
165.05066 00 16 28.948975 6.2011719 43.058594 21.324219 166.02000 -1 199.39996
169.20488 00 00 29.241943 6.2805176 30.742187 17.773437 169.78000 01 199.39996
174.87988 00 00 28.631592 5.7373047 44.804687 10.718750 175.38000 01 199.39996
180.68848 00 00 28.778076 5.5603027 42.968750 21.843750 181.14000 01 199.39996
182.28762 00 00 28.930664 5.9082031 43.425781 11.398437 182.74000 01 199.39996
186.23355 00 00 28.210449 5.7861328 40.722656 19.394531 186.66000 01 199.39996
187.85406 00 00 28.570557 5.5358887 42.984375 19.386719 188.26000 01 199.39996
190.45137 00 00 28.857422 5.5664062 33.148437 17.367187 190.74000 01 199.39996
194.78598 00 00 28.912354 5.4931641 42.789062 21.796875 195.22000 01 199.39996
198.58172 00 00 28.692627 5.5908203 32.808594 17.207031 198.98000 01 199.39996
