4.8511328 00 00 29.064941 5.6152344 27.191406 17.390625 5.3000000 01 140.89996
10.717187 00 00 28.881836 5.6823730 25.957031 17.382812 11.460000 01 140.89996
13.295820 00 00 28.845215 5.5175781 32.296875 13.976562 13.780000 01 140.89996
14.959766 00 00 28.845215 5.7495117 27.031250 16.894531 15.460000 01 140.89996
20.307734 00 00 29.235840 5.7861328 23.472656 17.476562 20.660000 01 140.89996
22.328945 00 00 28.369141 5.3344727 44.515625 13.171875 22.820000 01 140.89996
28.114375 00 00 28.906250 5.6823730 26.046875 17.078125 28.500000 01 140.89996
30.307773 00 00 28.771973 5.8898926 26.437500 16.957031 30.980000 01 140.89996
31.915117 00 00 28.912354 5.5725098 44.640625 10.082031 32.500000 01 140.89996
38.255898 00 00 29.296875 5.7922363 24.156250 17.082031 38.660000 01 140.89996
40.941562 00 16 28.704834 5.5603027 44.703125 13.144531 41.460000 01 140.89996
46.132852 00 00 28.808594 5.7739258 44.480469 10.136719 46.740000 01 140.89996
51.585859 00 00 29.040527 5.1879883 29.996094 15.855469 52.020000 01 140.89996
55.866523 00 16 29.791260 5.7067871 43.585937 17.617187 56.660000 01 140.89996
61.835469 00 00 29.193115 5.2917480 35.511719 14.132812 62.260000 01 140.89996
68.018242 00 00 29.339600 5.6030273 26.617187 17.164062 68.580000 01 140.89996
71.138047 00 00 29.296875 5.2978516 26.960937 18.078125 71.540000 01 140.89996
77.212070 00 00 28.790283 5.4870605 39.621094 19.226562 77.780000 01 140.89996
82.690664 00 00 29.052734 5.3955078 44.597656 10.128906 83.220000 01 140.89996
86.925508 00 00 29.534912 5.4199219 43.281250 10.152344 87.780000 01 140.89996
91.751016 00 00 29.345703 5.4321289 43.542969 16.726562 92.820000 -1 140.89996
93.714453 00 00 29.327393 5.3710937 25.296875 17.585937 94.260000 01 140.89996
100.21926 00 00 29.199219 5.2124023 43.429687 18.121094 100.82000 01 140.89996
103.00398 00 00 29.467773 5.3405762 25.945312 17.527344 103.54000 01 140.89996
108.50324 00 00 29.174805 5.3649902 42.140625 20.632812 108.90000 01 140.89996
112.95844 00 00 29.870605 5.5541992 42.347656 20.800781 113.54000 01 140.89996
115.11227 00 00 29.754639 5.3771973 27.664062 17.031250 115.62000 01 140.89996
120.84590 00 00 29.248047 5.6701660 25.062500 16.125000 121.38000 01 140.89996
123.74090 00 00 29.663086 5.6518555 40.996094 11.738281 124.18000 01 140.89996
129.19023 00 00 29.382324 5.7922363 44.003906 10.992187 129.62000 01 140.89996
135.52684 00 00 28.649902 5.4016113 23.343750 17.218750 136.02000 01 140.89996
139.67383 00 00 28.637695 5.4748535 26.355469 16.121094 140.10000 01 140.89996
