4.3174219 00 00 29.168701 4.5227051 44.804687 13.769531 4.7400000 01 181.40996
8.3662500 00 00 29.364014 4.5959473 39.566406 18.308594 8.9000000 01 181.40996
11.595273 00 16 29.199219 4.2724609 42.917969 21.671875 12.340000 01 181.40996
18.058945 00 16 39.208984 12.664795 43.058594 20.832031 19.060000 -1 181.40996
22.765547 00 00 29.101562 4.2358398 38.984375 17.746094 23.220000 01 181.40996
26.709102 00 00 43.688965 9.9975586 43.449219 14.265625 27.940000 -1 181.40996
32.525273 00 00 44.726562 17.401123 43.246094 20.218750 33.540000 -1 181.40996
35.559531 00 00 29.498291 4.0588379 29.875000 19.390625 36.020000 01 181.40996
40.851523 00 00 28.735352 4.1809082 33.585937 19.097656 41.220000 01 181.40996
43.264766 00 00 44.421387 13.964844 45.222656 13.207031 44.020000 01 181.40996
47.278477 00 00 29.418945 4.2907715 30.195312 18.113281 47.700000 01 181.40996
51.121992 00 00 29.254150 4.2541504 29.707031 19.730469 51.540000 01 181.40996
56.750078 00 00 29.553223 4.4433594 35.542969 18.710937 57.140000 01 181.40996
58.473984 00 16 29.644775 6.4758301 43.152344 22.054687 58.980000 01 181.40996
61.398164 00 00 29.650879 4.4555664 30.632812 19.582031 61.860000 01 181.40996
64.994141 00 00 29.168701 4.7607422 31.062500 19.859375 65.380000 01 181.40996
70.014727 00 00 29.357910 4.8095703 29.492187 19.714844 70.420000 01 181.40996
74.255625 00 00 29.107666 4.8767090 30.625000 19.652344 74.660000 01 181.40996
76.852773 00 16 44.989014 13.580322 42.855469 21.480469 78.100000 -1 181.40996
81.651211 00 00 29.211426 4.4738770 43.027344 21.304687 82.180000 01 181.40996
87.881719 00 00 29.522705 4.7119141 42.906250 21.726562 88.260000 01 181.40996
91.954414 00 00 29.168701 4.5654297 29.804687 20.125000 92.260000 01 181.40996
94.816133 00 00 29.644775 4.9194336 45.718750 11.121094 95.380000 01 181.40996
101.02516 00 00 29.248047 4.7729492 30.437500 19.609375 101.46000 01 181.40996
104.69195 00 00 29.595947 4.9804687 31.703125 19.320312 105.06000 01 181.40996
110.39117 00 16 32.891846 6.2011719 43.062500 22.230469 111.70000 -1 181.40996
113.17223 00 00 29.125977 4.4189453 31.203125 19.304687 113.62000 01 181.40996
118.58766 00 00 29.589844 4.2907715 32.660156 18.570312 118.98000 01 181.40996
122.19801 00 00 29.547119 4.4799805 29.984375 19.425781 122.66000 01 181.40996
127.79316 00 00 29.437256 4.5227051 40.460937 18.945312 128.18000 01 181.40996
130.08480 00 00 28.967285 4.5837402 30.933594 18.792969 130.66000 01 181.40996
132.27176 00 00 29.498291 4.8522949 42.828125 21.261719 132.74000 01 181.40996
136.23586 00 16 29.693604 5.1757812 44.855469 16.277344 136.66000 01 181.40996
137.76184 16 00 29.187012 4.4433594 30.929687 19.593750 138.18000 01 181.40996
144.04531 00 00 29.705811 4.6020508 28.476562 19.296875 144.42000 01 181.40996
147.01012 00 00 29.528809 4.9682617 41.218750 11.648437 147.38000 01 181.40996
153.37781 00 00 29.382324 4.6264648 30.445312 19.468750 153.78000 01 181.40996
158.29277 00 00 29.364014 4.3579102 32.101562 19.937500 158.66000 01 181.40996
161.73160 00 00 29.266357 4.5227051 31.617187 20.132812 162.26000 01 181.40996
166.81078 00 00 29.644775 4.7546387 32.125000 19.742187 167.14000 01 181.40996
169.15559 00 00 29.296875 4.3151855 45.636719 11.308594 169.86000 01 181.40996
175.12805 00 00 29.412842 5.2551270 32.703125 20.062500 175.46000 01 181.40996
178.71871 00 00 29.736328 4.8583984 37.847656 15.992187 179.14000 01 181.40996
