4.4907031 00 00 28.924561 4.1625977 28.660156 18.183594 4.9000000 01 116.76996
7.7655078 00 00 29.235840 4.1381836 29.714844 18.296875 8.2600000 01 116.76996
14.154687 00 00 28.686523 3.6437988 43.320312 21.105469 14.820000 01 116.76996
16.423477 00 00 28.039551 4.2419434 29.441406 19.023437 16.980000 01 116.76996
19.203516 00 00 28.961182 4.1442871 30.003906 18.582031 19.700000 01 116.76996
24.850430 16 00 28.393555 8.3251953 28.863281 19.375000 25.140000 01 116.76996
28.395820 00 00 29.095459 4.0161133 28.738281 20.515625 28.900000 01 116.76996
30.537812 00 00 28.607178 4.3945312 34.589844 18.304687 30.900000 01 116.76996
33.238516 00 00 44.622803 13.439941 41.835937 16.871094 33.780000 01 116.76996
36.619023 00 00 28.668213 4.0344238 28.105469 19.980469 36.980000 01 116.76996
39.677031 00 00 29.089355 4.2419434 27.871094 20.335937 40.020000 01 116.76996
42.444531 00 00 29.205322 4.2724609 29.082031 19.835937 42.820000 01 116.76996
47.061562 00 00 29.022217 4.2358398 28.339844 20.500000 47.380000 01 116.76996
52.428906 00 00 28.826904 4.1320801 43.847656 8.3125000 53.140000 01 116.76996
54.717891 00 00 28.997803 3.8696289 27.019531 20.402344 55.060000 01 116.76996
61.050820 00 00 28.515625 4.0161133 29.023437 20.984375 61.380000 01 116.76996
66.852227 00 00 28.576660 4.0344238 45.308594 10.675781 67.460000 01 116.76996
69.415000 00 00 28.631592 4.0710449 27.050781 21.496094 69.940000 01 116.76996
73.730859 00 00 28.515625 4.1198730 43.652344 21.179687 74.740000 01 116.76996
77.732383 00 00 29.071045 4.0222168 44.140625 13.941406 78.100000 01 116.76996
83.133984 00 00 28.521729 3.9062500 27.574219 21.753906 83.540000 01 116.76996
86.081367 00 00 28.656006 4.1320801 37.464844 15.660156 86.500000 01 116.76996
91.695234 00 00 28.680420 4.1320801 25.148437 22.437500 92.100000 01 116.76996
95.808359 00 00 29.016113 4.2297363 26.140625 22.230469 96.260000 01 116.76996
101.19340 00 00 28.875732 4.0283203 40.449219 19.695312 101.54000 01 116.76996
107.20145 00 00 28.704834 4.2419434 25.031250 22.257812 107.70000 01 116.76996
111.20312 00 00 29.260254 4.4372559 25.898437 22.093750 111.62000 01 116.76996
112.81551 00 00 29.107666 4.3029785 43.363281 14.718750 113.54000 01 116.76996
