5.8955469 00 00 28.094482 6.4147949 33.343750 17.070312 6.6600000 01 176.94996
12.125273 00 00 28.594971 5.9509277 36.546875 17.515625 12.980000 01 176.94996
17.872227 00 00 28.442383 5.9143066 34.906250 17.480469 18.580000 01 176.94996
23.575781 00 00 28.582764 5.8227539 34.914062 17.933594 24.500000 01 176.94996
25.544062 00 00 28.381348 6.3049316 43.363281 9.4843750 26.580000 01 176.94996
27.398945 00 00 28.369141 6.0729980 34.691406 17.242187 28.020000 01 176.94996
32.848945 00 00 28.204346 5.5725098 35.914062 17.722656 33.220000 01 176.94996
38.441094 00 00 28.509521 5.7617187 43.261719 20.265625 38.980000 01 176.94996
41.210664 00 00 28.582764 5.9082031 36.023437 18.042969 41.620000 01 176.94996
43.618359 00 00 28.491211 5.6274414 43.472656 20.289062 44.260000 01 176.94996
46.144375 00 00 28.436279 5.8654785 35.429687 17.574219 46.740000 01 176.94996
51.224062 00 00 28.717041 5.4260254 36.289062 18.148437 51.700000 01 176.94996
54.506367 00 16 29.809570 6.7260742 44.191406 15.347656 55.620000 -1 176.94996
56.056953 00 00 28.112793 6.2133789 38.089844 17.394531 57.060000 -1 176.94996
61.700664 00 00 28.399658 5.7495117 36.800781 17.765625 62.100000 01 176.94996
63.768672 00 00 28.747559 5.8166504 44.132812 15.656250 64.740000 -1 176.94996
67.341445 00 00 28.723145 5.9814453 37.042969 17.042969 68.500000 -1 176.94996
70.848906 00 16 28.643799 5.7250977 37.042969 17.031250 71.220000 01 176.94996
73.617422 00 00 28.027344 6.1340332 44.886719 15.718750 74.420000 01 176.94996
78.322617 00 00 28.271484 6.3842773 43.023437 17.140625 78.740000 01 176.94996
83.754922 00 00 28.247070 6.1157227 35.195312 17.644531 84.100000 01 176.94996
85.515273 00 00 28.161621 6.0119629 41.945312 11.238281 86.420000 01 176.94996
91.255898 00 00 28.625488 5.7373047 36.296875 18.226562 91.700000 01 176.94996
92.812773 00 00 28.637695 5.6762695 40.679687 19.421875 93.460000 01 176.94996
99.030977 16 00 28.631592 6.5856934 35.812500 17.855469 99.460000 01 176.94996
103.92395 00 00 28.771973 5.6640625 35.417969 18.171875 104.26000 01 176.94996
108.26289 00 00 28.613281 5.2490234 36.335937 18.437500 108.82000 01 176.94996
110.54816 00 00 28.576660 5.6335449 35.976562 17.054687 110.98000 01 176.94996
112.69582 00 00 28.564453 5.4992676 42.871094 18.363281 113.86000 01 176.94996
114.53785 00 00 28.497314 5.8654785 34.171875 17.632812 115.14000 01 176.94996
118.58965 00 00 28.839111 5.3161621 32.726562 17.898437 119.06000 01 176.94996
123.71297 00 00 28.900146 4.9438477 34.492187 17.734375 124.10000 01 176.94996
129.60273 16 00 28.723145 5.9997559 44.347656 16.906250 130.66000 -1 176.94996
134.14414 16 00 28.625488 10.620117 34.652344 18.046875 134.90000 01 176.94996
137.09723 00 00 28.656006 5.9326172 33.910156 17.460937 137.70000 01 176.94996
142.83703 00 00 28.631592 5.6274414 33.578125 17.953125 143.46000 01 176.94996
147.70945 00 00 28.668213 5.6274414 32.531250 18.105469 148.42000 01 176.94996
152.93980 00 00 28.186035 5.9997559 44.136719 16.984375 153.54000 01 176.94996
155.77215 00 00 28.802490 5.9631348 33.113281 18.515625 156.34000 01 176.94996
157.76129 00 00 28.582764 5.9753418 34.007812 17.468750 158.42000 01 176.94996
163.29082 00 00 28.948975 5.4260254 35.312500 18.500000 163.70000 01 176.94996
166.63859 00 00 28.509521 5.4931641 33.851562 17.957031 167.14000 01 176.94996
171.17746 00 00 28.552246 5.3283691 33.121094 18.367187 171.54000 01 176.94996
173.31895 00 00 28.686523 5.7006836 44.191406 12.640625 174.34000 01 176.94996
175.77160 00 00 28.570557 5.4443359 31.914062 18.332031 176.50000 01 176.94996
