3.1652344 00 00 28.710937 6.3476562 43.046875 19.582031 3.7800000 01 178.61996
8.2055078 00 00 28.417969 6.5307617 36.472656 17.765625 9.3000000 -1 178.61996
14.484336 00 00 41.741943 24.682617 43.976562 21.675781 15.460000 -1 178.61996
16.193203 00 00 29.248047 7.2265625 43.816406 20.781250 17.220000 -1 178.61996
18.854648 00 00 28.399658 5.9936523 42.851562 21.667969 19.460000 01 178.61996
23.981641 00 00 28.643799 6.1279297 39.113281 19.300781 24.500000 01 178.61996
26.238711 00 00 42.211914 24.005127 43.128906 21.761719 27.300000 -1 178.61996
27.757344 00 16 28.039551 5.9387207 41.851562 13.093750 28.500000 01 178.61996
32.944609 00 00 28.637695 5.9265137 38.652344 18.066406 33.380000 01 178.61996
38.170000 00 16 43.157959 17.285156 43.054687 13.886719 38.820000 01 178.61996
40.860977 00 00 28.344727 6.2622070 37.394531 18.328125 41.540000 01 178.61996
45.777852 00 00 28.503418 6.1950684 36.253906 18.269531 46.180000 01 178.61996
51.990508 00 00 28.594971 6.5368652 40.234375 18.968750 52.580000 01 178.61996
56.284687 00 00 28.112793 6.2805176 38.152344 18.695312 56.820000 01 178.61996
61.128867 00 00 28.509521 6.4819336 38.941406 18.468750 61.620000 01 178.61996
63.495508 00 16 43.469238 12.860107 42.679687 21.328125 64.500000 -1 178.61996
68.456641 00 00 43.627930 14.062500 42.796875 15.425781 69.700000 -1 178.61996
73.735625 00 00 43.438721 17.028809 42.265625 16.511719 74.660000 01 178.61996
75.631719 00 00 27.856445 6.8054199 39.507812 17.750000 76.340000 01 178.61996
79.385234 00 00 27.947998 6.5002441 39.613281 17.429687 79.860000 01 178.61996
81.461562 00 00 41.888428 22.937012 42.726562 21.343750 82.420000 -1 178.61996
84.970703 00 00 28.460693 6.6040039 39.695312 17.046875 85.460000 01 178.61996
88.061914 00 00 41.888428 24.176025 42.652344 21.609375 89.140000 -1 178.61996
93.371133 00 00 28.375244 6.5124512 38.945312 18.074219 94.020000 01 178.61996
97.924531 00 00 28.601074 6.7260742 40.472656 18.558594 98.420000 01 178.61996
103.71762 00 00 28.601074 6.4697266 40.371094 18.550781 104.50000 01 178.61996
105.57449 00 16 43.743896 17.224121 42.574219 17.390625 106.74000 -1 178.61996
109.45711 00 00 42.218018 23.211670 43.101562 21.859375 110.74000 -1 178.61996
111.83141 00 00 28.405762 6.7871094 40.453125 17.414062 112.50000 01 178.61996
114.70918 00 00 28.662109 6.2927246 44.601562 10.949219 115.14000 01 178.61996
116.52008 00 00 28.295898 6.1645508 40.292969 17.218750 117.14000 01 178.61996
122.38352 00 16 29.748535 7.9406738 43.007812 20.847656 122.90000 01 178.61996
127.39508 00 00 44.482422 16.772461 45.269531 13.527344 128.26000 01 178.61996
129.15926 00 00 28.326416 6.8481445 39.914062 17.535156 129.86000 01 178.61996
132.73285 00 00 28.094482 6.1096191 43.027344 21.878906 133.14000 01 178.61996
136.77715 00 00 28.509521 5.9326172 40.332031 18.843750 137.78000 -1 178.61996
142.64605 00 00 28.198242 6.0607910 39.328125 18.101562 143.46000 01 178.61996
148.73660 00 00 41.125488 23.736572 43.007812 20.687500 149.38000 01 178.61996
150.41027 00 00 29.095459 7.4890137 41.222656 16.839844 150.98000 01 178.61996
156.49617 00 00 28.460693 5.9020996 39.574219 17.582031 156.90000 01 178.61996
159.89641 00 00 44.134521 13.488770 42.484375 16.738281 161.06000 -1 178.61996
165.04906 00 00 28.717041 6.3049316 45.671875 10.996094 165.70000 01 178.61996
167.09937 00 00 28.668213 5.9631348 38.949219 17.191406 167.62000 01 178.61996
173.05863 00 00 28.247070 6.2438965 43.347656 19.976562 173.46000 01 178.61996
175.90668 00 00 28.717041 6.4880371 39.796875 17.242187 176.34000 01 178.61996
