3.5441406 00 00 30.462646 5.7617187 44.324219 13.398437 4.5800000 -1 129.17996
8.1057031 00 00 29.315186 5.2062988 39.289062 17.675781 8.6600000 01 129.17996
11.191094 00 00 44.488525 7.6538086 42.632812 21.054687 12.260000 -1 129.17996
15.916875 00 00 28.747559 5.3710937 42.964844 21.222656 16.740000 01 129.17996
17.908203 00 00 28.881836 6.0791016 21.050781 22.785156 18.980000 -1 129.17996
23.527266 00 00 28.991699 5.5969238 24.410156 23.179687 24.500000 01 129.17996
25.034375 00 00 29.071045 5.5786133 30.113281 21.207031 26.100000 -1 129.17996
28.271406 00 00 29.180908 5.5175781 23.328125 23.179687 28.740000 01 129.17996
31.418398 00 00 29.016113 6.0302734 39.437500 13.285156 32.420000 -1 129.17996
35.852539 00 00 29.187012 5.4199219 23.050781 23.101562 36.500000 01 129.17996
41.061211 00 00 28.991699 5.7434082 22.250000 23.222656 41.540000 01 129.17996
44.321133 00 00 28.997803 4.9926758 24.421875 23.289062 45.060000 01 129.17996
49.630000 00 00 28.808594 5.2062988 24.128906 23.199219 50.340000 01 129.17996
54.174375 00 00 28.857422 5.2978516 21.464844 23.125000 54.580000 01 129.17996
55.767852 00 00 44.116211 14.257812 43.050781 15.246094 56.980000 -1 129.17996
60.300352 00 00 43.798828 11.608887 41.914062 21.664062 61.460000 -1 129.17996
66.096602 00 00 29.119873 5.3588867 33.082031 17.195312 66.500000 01 129.17996
69.430664 00 00 44.122314 17.224121 42.828125 17.648437 70.420000 01 129.17996
71.882148 00 00 29.010010 5.5236816 22.160156 23.179687 72.580000 01 129.17996
73.723555 00 00 44.427490 14.276123 43.558594 13.199219 74.740000 -1 129.17996
78.511758 00 00 29.119873 5.3588867 24.703125 20.722656 78.900000 01 129.17996
81.959414 00 00 29.168701 5.1086426 39.890625 11.292969 82.420000 01 129.17996
85.686367 00 00 28.857422 4.6936035 45.320312 16.605469 86.260000 01 129.17996
88.489805 00 00 28.942871 5.2062988 42.726562 21.558594 89.540000 01 129.17996
94.407812 00 00 29.211426 5.3710937 23.816406 23.304687 94.820000 01 129.17996
99.186211 00 00 29.125977 5.3527832 23.343750 23.453125 99.700000 01 129.17996
104.36176 00 00 43.981934 15.496826 42.464844 21.199219 105.38000 01 129.17996
109.79191 00 00 28.894043 5.0537109 19.910156 23.398437 110.18000 01 129.17996
115.94027 00 00 28.985596 5.4626465 21.984375 23.250000 116.58000 01 129.17996
118.56031 00 00 29.016113 5.2124023 20.863281 22.835937 119.46000 01 129.17996
121.12238 00 16 29.327393 5.5236816 44.535156 16.039062 122.10000 -1 129.17996
123.41871 00 00 28.820801 5.4443359 22.078125 23.496094 124.10000 01 129.17996
127.17922 00 00 28.955078 5.2551270 22.265625 23.542969 127.62000 01 129.17996
