5.9473828 00 00 29.302979 5.7556152 26.804687 22.964844 6.5000000 01 245.22996
12.203125 00 00 42.236328 24.517822 40.960937 19.937500 12.980000 01 245.22996
16.982227 00 00 28.930664 5.3649902 26.363281 22.406250 17.540000 01 245.22996
18.970703 00 00 44.244385 17.559814 45.824219 17.101562 19.940000 -1 245.22996
24.779492 00 00 28.826904 5.0476074 43.691406 21.824219 25.300000 01 245.22996
29.168203 00 00 28.851318 6.0913086 26.445312 23.082031 29.700000 01 245.22996
35.060352 00 00 28.643799 5.5236816 25.308594 23.433594 35.460000 01 245.22996
40.220898 00 00 29.321289 6.0302734 29.781250 21.808594 41.300000 -1 245.22996
41.853594 00 00 29.632568 4.7424316 42.582031 18.066406 41.940000 01 245.22996
46.257148 00 00 27.960205 5.8044434 43.015625 20.707031 46.820000 01 245.22996
49.569062 00 00 29.064941 5.5664062 29.597656 20.484375 50.180000 01 245.22996
55.546719 00 00 28.826904 5.7067871 29.820312 21.515625 55.940000 01 245.22996
58.261094 00 00 28.729248 5.2490234 28.042969 20.945312 59.060000 01 245.22996
60.693867 00 00 42.260742 20.159912 41.960937 20.183594 61.700000 -1 245.22996
67.123008 00 00 29.418945 5.7006836 41.121094 19.035156 68.100000 -1 245.22996
71.866328 00 00 42.340088 11.987305 37.460937 19.113281 72.900000 -1 245.22996
73.883047 00 00 29.235840 5.4260254 37.433594 19.160156 74.340000 01 245.22996
78.069648 00 00 28.948975 5.6823730 37.457031 19.187500 79.140000 -1 245.22996
82.767031 00 00 29.376221 6.5429687 37.652344 19.230469 83.780000 -1 245.22996
87.726953 00 00 29.345703 6.1035156 37.625000 19.136719 88.100000 01 245.22996
90.617734 00 00 29.077148 5.6518555 37.585937 19.148437 91.060000 01 245.22996
95.237148 00 00 29.211426 5.5480957 37.574219 19.140625 95.620000 01 245.22996
101.69715 16 00 28.198242 6.5612793 37.718750 19.644531 102.26000 01 245.22996
106.02355 00 00 28.973389 5.3955078 37.656250 19.515625 106.50000 01 245.22996
111.91820 00 00 29.138184 5.4992676 37.605469 19.625000 112.34000 01 245.22996
115.66320 00 00 42.010498 22.521973 43.164062 21.597656 116.66000 -1 245.22996
120.22328 00 00 28.906250 6.0119629 42.312500 21.050781 121.22000 -1 245.22996
124.16516 00 00 28.961182 5.7006836 35.757812 19.421875 124.74000 01 245.22996
130.45164 00 00 28.802490 5.4382324 42.585937 21.003906 130.82000 01 245.22996
134.04379 00 00 29.211426 5.5175781 32.355469 18.992187 134.58000 01 245.22996
137.88215 00 00 29.302979 5.7922363 35.695312 17.347656 138.58000 01 245.22996
141.79148 00 00 44.073486 14.501953 43.765625 14.210937 143.06000 -1 245.22996
146.86836 00 16 38.690186 14.843750 43.203125 21.550781 147.94000 -1 245.22996
150.62152 00 16 29.412842 5.5053711 46.097656 10.695312 151.22000 01 245.22996
153.08285 00 00 28.845215 5.7250977 34.800781 19.277344 154.10000 -1 245.22996
158.39488 00 00 28.930664 5.7006836 44.648437 17.007812 158.90000 01 245.22996
161.45305 00 00 28.588867 5.3039551 42.808594 21.613281 162.10000 01 245.22996
165.77578 00 00 28.997803 5.6152344 36.714844 20.238281 166.34000 01 245.22996
167.94934 00 00 42.333984 22.381592 43.093750 21.812500 169.06000 -1 245.22996
173.87105 00 00 43.438721 12.945557 42.855469 20.671875 174.90000 -1 245.22996
176.04879 00 16 32.751465 14.288330 41.562500 18.375000 176.82000 01 245.22996
179.21781 00 00 28.546143 5.2856445 43.105469 21.644531 179.78000 01 245.22996
183.93125 00 00 29.077148 5.6274414 35.000000 20.429687 184.42000 01 245.22996
186.65566 00 00 44.079590 11.065674 44.992187 10.488281 187.62000 01 245.22996
188.56164 00 00 29.418945 5.6457520 35.230469 19.007812 189.14000 01 245.22996
191.28355 00 00 44.598389 17.547607 45.441406 16.765625 192.02000 01 245.22996
196.92898 00 00 29.321289 6.0852051 35.910156 18.777344 197.38000 01 245.22996
201.73059 00 00 28.729248 5.3405762 35.402344 18.246094 202.34000 01 245.22996
203.63008 00 00 42.150879 21.716309 42.863281 21.734375 204.66000 -1 245.22996
208.83770 00 00 28.839111 5.5725098 42.519531 20.906250 209.30000 01 245.22996
213.53777 00 16 33.441162 7.0739746 43.019531 20.636719 214.82000 -1 245.22996
216.12891 00 00 29.370117 5.7495117 32.886719 19.238281 216.74000 01 245.22996
222.01086 00 00 28.771973 5.5847168 34.003906 19.835937 222.74000 01 245.22996
223.88512 00 00 44.091797 14.160156 44.449219 13.906250 224.90000 -1 245.22996
226.39891 00 00 28.717041 5.6945801 31.328125 21.109375 226.98000 01 245.22996
229.62441 00 00 28.741455 5.4077148 31.410156 20.312500 230.34000 01 245.22996
232.97617 00 00 28.961182 4.7546387 42.828125 19.691406 233.94000 -1 245.22996
235.56480 00 00 29.437256 5.6701660 30.046875 22.394531 236.02000 01 245.22996
238.95316 00 00 29.187012 5.0720215 34.261719 18.203125 239.54000 01 245.22996
243.70148 00 00 29.107666 5.3344727 34.726562 20.312500 244.10000 01 245.22996
