2.2847266 00 00 30.358887 6.0180664 34.800781 16.031250 2.9800000 01 159.14996
4.5157422 00 00 30.621338 6.3354492 43.035156 21.347656 5.0600000 01 159.14996
7.4739844 00 00 30.743408 6.7321777 41.230469 13.992187 7.9400000 01 159.14996
11.824805 00 00 30.480957 6.3842773 36.093750 16.320312 12.260000 01 159.14996
15.821133 00 00 45.129395 12.994385 44.175781 10.050781 16.660000 01 159.14996
17.772539 00 00 29.901123 6.9519043 34.796875 13.800781 18.340000 01 159.14996
22.005898 00 00 30.261230 6.8786621 34.343750 14.523437 22.740000 01 159.14996
28.320312 00 00 31.250000 6.8054199 42.335937 19.730469 29.300000 01 159.14996
30.185039 00 00 30.590820 6.9335937 42.277344 20.265625 30.740000 01 159.14996
32.489023 00 00 31.268311 6.8969727 45.902344 10.730469 33.060000 01 159.14996
37.307344 00 00 30.578613 6.8054199 43.019531 11.355469 37.700000 01 159.14996
42.452187 00 16 38.983154 14.312744 44.804687 16.906250 43.380000 01 159.14996
47.730469 00 00 30.065918 6.8359375 44.464844 14.203125 48.420000 01 159.14996
53.806719 00 00 31.231689 6.9274902 37.593750 13.062500 54.180000 01 159.14996
59.576406 00 00 42.590332 22.363281 41.515625 19.113281 60.260000 01 159.14996
63.380664 00 00 30.603027 6.7810059 37.523437 14.667969 63.860000 01 159.14996
66.646406 00 00 30.780029 7.0495605 36.605469 15.148437 67.060000 01 159.14996
69.044844 00 00 31.158447 7.2326660 42.464844 16.820312 69.540000 01 159.14996
73.709102 00 00 31.250000 7.2998047 43.167969 21.562500 74.180000 01 159.14996
79.972422 00 00 31.036377 7.2082520 34.257812 15.242187 80.500000 01 159.14996
84.494570 00 00 31.286621 7.1533203 32.886719 15.628906 84.980000 01 159.14996
90.848867 00 00 31.292725 8.0627441 42.687500 19.117187 91.460000 01 159.14996
94.885820 00 00 30.895996 7.2143555 36.230469 14.660156 95.540000 01 159.14996
98.319961 00 00 31.402588 7.3242187 33.343750 12.273437 98.740000 01 159.14996
102.38496 00 00 31.195068 7.4462891 46.011719 10.875000 103.06000 01 159.14996
106.89594 00 00 30.975342 7.0678711 43.273437 21.593750 107.46000 01 159.14996
111.99836 00 00 30.786133 6.8908691 43.281250 20.851562 112.58000 01 159.14996
114.41359 00 00 31.414795 7.1777344 39.183594 14.843750 114.90000 01 159.14996
117.71762 00 00 31.048584 7.3242187 44.460937 17.378906 118.82000 -1 159.14996
122.61395 00 16 30.963135 7.0739746 42.738281 18.261719 123.22000 01 159.14996
126.83461 00 00 43.334961 22.039795 42.097656 17.296875 127.86000 -1 159.14996
133.07148 00 00 30.895996 7.2814941 43.000000 18.742187 133.46000 01 159.14996
135.63723 00 00 30.554199 7.1777344 38.941406 15.468750 136.26000 01 159.14996
140.26863 00 00 31.097412 7.0495605 37.679687 14.492187 140.66000 01 159.14996
145.20168 00 00 30.743408 7.1289062 42.152344 17.113281 145.70000 01 159.14996
147.20004 00 16 31.121826 8.1726074 45.562500 10.960937 147.86000 01 159.14996
149.22109 00 00 30.578613 7.0678711 36.996094 14.718750 149.70000 01 159.14996
154.50141 00 00 31.182861 7.3547363 42.910156 21.929687 154.98000 01 159.14996
