3.7347656 00 00 29.974365 5.9326172 45.648437 13.542969 4.3400000 01 121.08996
8.8796094 00 00 30.346680 6.0607910 34.285156 18.746094 9.3000000 01 121.08996
11.066328 00 00 30.328369 6.2377930 45.316406 10.410156 11.700000 01 121.08996
14.525547 00 00 30.480957 6.4880371 44.792969 16.863281 15.140000 01 121.08996
20.955000 00 00 30.187988 6.4331055 31.535156 18.152344 21.380000 01 121.08996
24.433750 00 00 30.084229 6.0607910 37.769531 18.386719 25.060000 01 121.08996
26.123750 00 00 30.493164 6.5185547 33.882812 17.894531 26.740000 01 121.08996
30.585117 00 00 30.273437 6.2011719 42.617187 21.449219 31.140000 01 121.08996
32.191797 00 00 30.645752 6.3171387 31.507812 18.261719 32.820000 01 121.08996
34.261758 00 16 30.786133 6.8786621 44.078125 14.132812 34.740000 01 121.08996
40.632617 00 00 30.004883 6.5002441 31.265625 16.648437 41.060000 01 121.08996
44.276367 00 00 30.377197 6.2744141 32.160156 19.570312 44.740000 01 121.08996
50.746094 00 00 30.059814 6.2561035 32.468750 19.039062 51.140000 01 121.08996
55.307187 00 00 30.230713 6.5063477 34.097656 18.144531 55.700000 01 121.08996
60.354961 00 00 30.389404 6.2316895 33.660156 18.410156 60.900000 01 121.08996
62.011250 00 00 30.419922 5.9875488 45.347656 16.812500 62.580000 01 121.08996
65.693750 00 00 30.761719 6.1218262 43.886719 14.464844 66.100000 01 121.08996
67.691953 00 00 30.535889 6.1462402 34.804687 18.421875 68.340000 01 121.08996
69.207891 00 16 30.499268 6.4270020 44.742187 11.230469 69.700000 01 121.08996
71.515742 00 00 30.352783 6.1340332 36.453125 18.449219 71.940000 01 121.08996
74.166836 00 00 30.395508 6.1096191 35.179687 18.109375 74.580000 01 121.08996
77.193086 00 00 30.413818 6.1645508 33.937500 18.578125 77.620000 01 121.08996
80.641914 00 00 30.090332 6.0729980 32.687500 19.886719 80.980000 01 121.08996
85.787266 00 00 30.883789 6.5185547 43.210937 11.207031 86.340000 01 121.08996
91.018789 00 00 30.584717 6.2927246 33.148437 19.027344 91.380000 01 121.08996
97.049570 00 00 30.377197 6.2744141 44.535156 16.320312 97.540000 01 121.08996
98.823594 00 00 30.627441 6.2866211 38.472656 19.164062 99.540000 01 121.08996
100.86051 00 00 30.267334 6.1706543 30.484375 19.882812 101.46000 01 121.08996
103.99383 00 00 30.548096 6.3476562 29.636719 19.648437 104.42000 01 121.08996
107.62992 00 00 30.310059 6.4086914 30.609375 19.894531 108.10000 01 121.08996
109.83789 00 00 30.780029 6.3720703 35.332031 17.652344 110.26000 01 121.08996
113.81434 00 00 30.694580 6.4270020 37.027344 19.867187 114.26000 01 121.08996
119.54414 00 00 30.194092 6.1706543 34.128906 19.546875 119.94000 01 121.08996
