2.8177344 00 00 42.388916 21.520996 42.695312 20.882812 3.9400000 -1 240.04996
7.6884766 00 16 34.283447 11.541748 42.359375 20.851562 8.2600000 01 240.04996
11.202812 00 00 29.479980 5.7189941 33.277344 20.277344 11.620000 01 240.04996
12.905156 00 00 28.387451 4.3579102 42.464844 19.363281 13.460000 01 240.04996
14.453359 00 00 29.516602 4.8583984 41.953125 11.632812 15.060000 01 240.04996
19.678047 00 00 43.383789 17.211914 44.378906 17.640625 20.660000 -1 240.04996
22.375937 00 00 44.787598 17.993164 43.582031 18.421875 23.380000 01 240.04996
26.617969 00 00 28.985596 5.1757812 43.328125 21.496094 27.460000 01 240.04996
28.871211 00 00 29.058838 4.5166016 43.167969 21.652344 29.300000 01 240.04996
35.313203 00 00 42.254639 21.252441 42.644531 21.605469 36.340000 -1 240.04996
39.693594 00 00 40.551758 22.631836 30.253906 18.628906 40.580000 01 240.04996
44.023828 00 00 41.998291 21.856689 42.574219 21.097656 44.660000 01 240.04996
48.360898 00 00 28.790283 4.6813965 30.695312 18.195312 48.740000 01 240.04996
52.968281 00 16 43.988037 11.083984 45.371094 10.964844 53.700000 01 240.04996
57.197109 00 00 29.309082 5.5480957 44.089844 17.492187 57.700000 01 240.04996
60.045312 00 00 42.303467 21.789551 43.164062 21.097656 60.660000 01 240.04996
64.806328 00 00 41.540527 18.609619 42.988281 20.714844 65.460000 01 240.04996
70.230273 00 00 28.900146 5.6335449 37.417969 18.578125 70.820000 01 240.04996
76.396680 00 00 29.064941 5.4016113 30.605469 19.398437 76.980000 01 240.04996
80.269102 00 00 28.485107 4.9194336 29.656250 18.824219 80.820000 01 240.04996
84.259141 00 00 28.839111 4.5288086 43.855469 16.464844 84.740000 01 240.04996
86.411953 00 00 28.735352 5.4870605 31.472656 18.554687 86.980000 01 240.04996
89.878008 00 00 29.003906 4.6142578 45.308594 13.554687 90.580000 01 240.04996
95.088477 00 00 29.730225 5.0292969 45.265625 10.910156 95.700000 01 240.04996
100.51328 00 00 28.674316 4.5227051 35.257812 18.281250 100.90000 01 240.04996
102.53066 00 00 28.985596 4.9682617 33.894531 18.863281 103.06000 01 240.04996
105.47605 00 00 28.424072 4.1564941 34.972656 19.394531 106.10000 01 240.04996
111.57598 00 00 28.839111 4.4189453 31.539062 19.460937 112.02000 01 240.04996
117.68125 00 00 29.150391 4.7302246 43.304687 11.238281 118.18000 01 240.04996
124.02355 00 00 28.839111 4.4799805 45.289062 10.683594 124.58000 01 240.04996
127.21465 00 00 28.369141 4.7058105 32.246094 17.238281 127.70000 01 240.04996
129.21816 00 00 28.558350 4.0222168 44.929687 16.320312 130.10000 01 240.04996
132.60621 00 16 36.627197 18.383789 43.886719 16.906250 133.30000 01 240.04996
135.52773 00 00 28.790283 4.7180176 30.121094 17.066406 136.02000 01 240.04996
139.31312 00 00 28.784180 4.2907715 28.988281 18.765625 139.94000 01 240.04996
145.35574 00 00 28.497314 4.3151855 30.320312 18.398437 145.86000 01 240.04996
148.11105 00 00 31.042480 6.8298340 42.558594 21.703125 148.82000 01 240.04996
149.95191 00 00 43.035889 14.263916 43.683594 15.789062 150.98000 -1 240.04996
155.47656 00 00 29.119873 4.4067383 42.640625 20.320312 156.02000 01 240.04996
161.65551 00 00 31.439209 7.2265625 41.484375 19.230469 162.66000 -1 240.04996
165.41234 00 00 28.955078 5.5725098 37.238281 16.945312 166.10000 01 240.04996
167.19641 00 00 28.857422 5.3344727 36.097656 18.191406 167.78000 01 240.04996
168.70684 00 00 29.071045 5.0659180 42.882812 21.777344 169.30000 01 240.04996
172.47570 00 00 28.967285 5.1513672 31.718750 18.121094 173.46000 -1 240.04996
177.09992 00 00 29.302979 5.4870605 32.558594 15.351562 177.86000 01 240.04996
179.56695 00 00 28.601074 4.8889160 32.636719 18.800781 180.02000 01 240.04996
185.50969 00 00 29.510498 5.3100586 32.781250 19.078125 186.58000 -1 240.04996
190.12789 00 00 44.360352 11.413574 45.781250 10.800781 191.14000 01 240.04996
196.27379 00 00 28.710937 5.1574707 29.457031 18.757812 196.90000 01 240.04996
200.81531 00 00 28.820801 4.9987793 32.738281 15.988281 200.90000 01 240.04996
203.90402 00 00 28.674316 4.7790527 34.703125 18.390625 204.34000 01 240.04996
207.65633 00 00 28.802490 5.5725098 28.609375 18.953125 208.26000 01 240.04996
210.86199 00 00 28.863525 4.5104980 42.839844 21.804687 211.22000 01 240.04996
216.51711 00 00 28.540039 4.9621582 43.167969 21.804687 216.90000 01 240.04996
220.66359 00 00 28.521729 4.7790527 34.289062 18.664062 221.14000 01 240.04996
225.70539 00 00 28.796387 5.5297852 31.636719 18.500000 226.10000 01 240.04996
227.37953 00 00 28.546143 5.0720215 31.656250 18.484375 227.94000 01 240.04996
229.13320 00 00 29.357910 4.6142578 42.851562 21.820312 229.54000 01 240.04996
234.47480 00 00 42.102051 22.290039 43.421875 21.679687 235.54000 -1 240.04996
239.55734 00 00 28.491211 4.5776367 32.714844 19.421875 240.04996 01 240.04996
