5.3187891 00 00 29.321289 5.1818848 29.585937 18.976562 6.0200000 01 133.97996
9.2511719 00 00 29.113770 4.9499512 26.273437 19.304687 9.7000000 01 133.97996
13.309844 00 00 29.089355 5.2856445 28.398437 19.953125 13.700000 01 133.97996
18.360469 00 00 28.796387 4.8950195 42.445312 21.558594 19.060000 01 133.97996
23.528555 00 00 28.668213 4.8889160 44.828125 10.351562 24.180000 01 133.97996
26.859453 00 00 28.802490 4.7302246 41.140625 20.617187 27.540000 01 133.97996
30.741875 00 00 28.778076 4.6081543 28.207031 19.164062 31.300000 01 133.97996
32.507227 00 00 28.778076 4.5837402 44.484375 16.847656 33.220000 01 133.97996
34.103047 00 00 28.601074 4.8889160 27.800781 19.578125 34.660000 01 133.97996
39.687344 00 00 28.985596 5.0903320 27.632812 19.890625 40.260000 01 133.97996
44.667305 00 00 42.175293 11.932373 42.445312 21.269531 45.300000 01 133.97996
48.299375 00 00 29.241943 4.9194336 31.617187 18.289062 48.820000 01 133.97996
52.875508 00 00 28.887939 4.9682617 41.632812 21.558594 53.620000 01 133.97996
57.112539 00 00 42.901611 21.429443 40.640625 21.246094 57.780000 01 133.97996
62.140625 00 16 30.694580 6.0729980 45.140625 16.925781 63.140000 -1 133.97996
64.089883 16 00 28.900146 10.003662 29.125000 18.789062 64.500000 01 133.97996
67.271445 16 00 29.046631 5.3588867 34.753906 18.453125 67.780000 01 133.97996
71.837734 00 00 29.016113 5.4321289 39.613281 15.765625 72.260000 01 133.97996
75.937461 00 00 28.955078 5.5053711 41.519531 12.937500 76.340000 01 133.97996
79.362227 00 00 28.900146 5.7861328 42.152344 21.738281 80.020000 01 133.97996
81.575898 00 00 28.814697 5.6335449 29.535156 19.250000 82.180000 01 133.97996
87.136992 00 00 28.997803 5.5419922 41.656250 21.640625 87.780000 01 133.97996
90.155859 00 00 29.168701 5.5664062 29.523437 18.433594 90.900000 01 133.97996
91.851367 00 16 28.527832 4.4982910 42.570312 21.226562 92.420000 01 133.97996
96.902539 00 00 28.698730 5.2917480 44.796875 11.199219 97.380000 01 133.97996
99.035508 00 00 28.930664 5.6213379 28.472656 18.644531 99.540000 01 133.97996
103.80301 00 00 29.095459 5.5480957 28.476562 19.117187 104.26000 01 133.97996
106.76531 00 00 28.961182 5.5419922 36.582031 17.785156 107.38000 01 133.97996
111.71238 00 00 28.802490 4.8828125 28.855469 18.644531 112.10000 01 133.97996
117.51469 00 00 28.826904 5.9753418 29.378906 18.574219 118.02000 01 133.97996
119.62844 00 16 31.451416 6.1645508 44.257812 13.265625 120.82000 -1 133.97996
125.51355 00 00 28.533936 5.5297852 31.281250 18.812500 125.94000 01 133.97996
128.67293 00 00 29.193115 5.2673340 42.265625 21.414062 129.22000 01 133.97996
